i
-20 -62 -45 -50 -8 -45 -63 -52 -77 -79 -82 -61 -26 -8 -59 -96 -78 -95 -92 -32 
f
31 9 34 9 24 57 58 51 96 45 8 2 63 32 47 10 47 72 46 85 20 10 66 39 59 9 93 52 1 8 58 7 24 32 85 69 32 62 9 67 19 47 
f
34 29 14 96 80 53 14 89 76 21 15 74 81 80 84 1 37 42 15 53 28 52 89 30 38 41 25 7 17 83 58 1 13 6 91 78 38 61 71 82 64 63 
f
44 74 42 66 61 61 26 81 76 9 75 50 46 11 14 14 40 29 1 69 61 32 2 28 69 84 30 74 10 33 94 42 63 84 34 79 66 83 96 95 54 10 
i
-26 -51 -21 -83 -18 -24 -42 -4 -69 -60 -16 -95 -8 -37 -1 -34 -83 -63 -94 -65 
i
-43 -59 -99 -53 -78 -28 -36 -3 -31 -38 -26 -8 -47 -65 -54 -90 -72 -82 -14 -28 
i
-24 -5 -8 -47 -23 -2 -11 -80 -62 -65 -30 -28 -33 -98 -27 -11 -25 -32 -80 -91 
f
78 88 75 71 67 36 56 90 70 23 53 17 18 29 28 98 83 36 43 47 51 12 21 23 17 80 89 94 35 85 73 21 73 99 23 65 96 83 43 86 27 32 
f
79 21 24 29 20 43 12 12 93 85 98 20 21 20 95 43 25 5 69 8 34 4 83 59 8 85 19 29 9 35 47 59 69 7 11 99 71 3 69 60 7 96 
f
19 42 65 68 21 39 1 45 27 63 55 91 24 24 87 24 38 77 87 29 60 5 40 93 50 77 71 11 1 67 20 11 5 44 92 64 12 56 88 44 88 93 
i
-11 -43 -4 -17 -99 -22 -27 -37 -84 -9 -76 -82 -66 -86 -82 -5 -44 -32 -42 -91 
f
94 41 28 59 51 96 66 91 11 58 31 42 50 7 34 73 63 44 59 92 28 68 74 84 9 82 57 24 95 13 86 87 31 55 91 68 86 12 71 1 74 43 
f
20 22 86 95 91 34 95 41 1 54 29 47 58 76 80 57 39 4 44 80 41 87 64 79 12 41 18 11 47 87 81 80 22 85 31 93 63 37 28 93 5 32 
f
15 18 13 3 59 87 55 8 51 25 30 23 81 54 85 67 93 56 86 18 93 38 38 60 27 21 39 75 47 72 23 66 86 26 35 89 2 43 24 9 50 14 
f
40 69 99 1 72 98 17 69 20 59 89 29 27 98 52 64 84 87 41 62 37 7 62 22 96 81 52 96 15 63 9 54 67 39 22 45 15 10 74 30 34 96 
f
15 50 78 36 32 83 49 61 66 7 32 33 47 59 7 34 33 94 12 2 75 76 34 44 58 42 13 94 57 20 46 46 67 11 39 42 96 52 24 51 94 20 
i
-35 -12 -64 -44 -51 -44 -77 -89 -39 -67 -86 -90 -88 -86 -30 -61 -69 -63 -56 -30 
f
97 60 92 98 95 83 53 44 82 24 5 91 16 16 15 39 52 99 57 95 72 68 63 24 24 28 51 17 29 3 63 18 98 47 19 56 38 52 68 7 14 60 
f
41 12 63 89 6 85 89 81 100 55 35 20 54 10 8 38 7 23 37 44 4 41 51 34 23 56 87 85 17 51 6 41 90 58 6 58 34 52 13 62 39 49 
f
22 26 59 47 92 74 83 79 25 39 74 52 58 31 77 60 4 93 32 35 48 63 97 61 36 14 9 29 71 23 47 48 83 97 2 21 45 36 99 73 41 67 
f
62 47 69 25 96 16 60 73 56 93 44 42 92 17 43 21 2 49 89 100 73 33 94 76 2 37 5 66 39 53 3 28 57 60 21 49 97 63 82 3 75 17 
f
28 47 22 29 99 25 8 29 60 76 26 54 99 30 39 18 97 50 5 40 4 49 95 86 64 20 39 66 61 98 96 80 87 87 55 79 63 56 28 89 100 22 
f
84 66 41 65 35 42 24 93 45 10 78 82 97 42 2 25 25 67 27 74 87 11 90 71 49 50 53 93 12 27 22 11 37 54 75 93 39 72 98 68 23 55 
f
58 1 20 62 24 14 82 68 66 74 25 17 84 32 35 75 90 96 73 35 73 37 9 100 8 3 59 57 35 90 54 11 59 79 93 99 26 26 49 88 94 9 
f
77 88 96 74 9 77 94 99 3 48 15 33 84 61 26 64 35 51 97 71 95 97 94 53 99 33 32 84 22 8 87 44 96 68 81 72 13 44 53 60 53 58 
f
66 95 46 65 14 82 58 40 11 9 79 7 20 93 79 73 20 4 37 24 34 80 28 69 3 38 24 74 72 88 1 3 27 66 53 63 61 28 52 89 61 87 
f
62 43 29 6 65 32 65 72 30 45 19 56 83 30 40 80 84 84 34 6 13 80 95 11 61 54 55 51 85 82 66 47 34 30 38 82 67 72 5 15 34 41 
i
-94 -52 -49 -66 -17 -67 -65 -29 -11 -32 -32 -79 -87 -82 -35 -24 -56 -14 -15 -82 
f
83 19 34 97 76 72 52 96 63 79 99 42 83 13 7 8 65 21 60 21 100 11 15 52 80 11 52 60 32 49 69 81 31 8 76 53 63 77 70 21 27 10 
i
-45 -82 -41 -39 -58 -75 -77 -27 -10 -21 -8 -65 -42 -95 -11 -94 -33 -38 -11 -22 
f
87 24 45 48 9 6 87 64 30 46 30 8 38 9 18 19 21 95 54 55 14 71 92 32 97 97 30 7 70 14 79 87 86 23 63 92 97 60 64 66 1 31 
f
51 42 95 86 100 15 91 71 41 100 53 20 37 4 25 85 65 73 74 32 79 86 22 75 18 24 81 59 42 60 66 26 50 27 91 26 54 95 46 61 13 78 
f
8 68 100 45 32 7 1 60 45 20 3 64 37 77 90 59 65 10 46 50 38 100 1 70 15 36 20 5 89 99 85 19 15 77 87 67 95 20 82 13 48 18 
f
58 90 11 2 62 7 20 27 8 82 14 75 78 66 72 43 35 39 14 100 39 65 86 29 66 14 81 83 88 68 17 71 34 88 10 76 32 71 29 61 59 91 
f
73 13 21 88 7 69 72 27 8 79 78 54 43 10 9 50 81 17 65 60 5 58 68 87 69 95 51 29 61 87 43 66 24 11 26 80 9 33 34 94 4 51 
f
40 41 60 53 7 55 80 63 97 93 54 87 6 45 87 29 84 66 68 99 64 64 54 51 86 9 49 19 55 54 47 85 73 22 75 28 87 30 98 87 14 34 
f
44 19 39 82 95 57 6 7 72 17 36 40 6 73 18 32 38 6 99 36 51 89 42 8 3 11 38 38 27 100 57 26 58 29 64 10 68 85 97 3 84 7 
i
-40 -29 -47 -75 -94 -81 -93 -85 -96 -60 -91 -18 -68 -98 -51 -13 -80 -71 -9 -8 
f
63 30 40 70 63 41 20 52 12 32 18 7 95 88 44 41 61 20 39 55 65 85 23 4 10 36 70 13 42 10 67 4 74 64 90 79 66 95 7 75 13 12 
f
68 4 73 42 6 98 5 88 12 48 14 18 81 22 75 60 40 94 62 27 96 22 28 14 92 92 27 49 91 94 57 30 31 27 87 14 83 65 22 2 50 23 
